0301 2
0317 173
0325 26
0326 1
0327 9
0419 4
0489 6
0491 391
0492 25
0498 2
0515 1
0529 1
0601 353
0602 143
0603 136
0604 168
0605 128
0606 115
0607 112
0608 78
0609 219
0610 156
0612 291
0613 121
0614 129
0615 94
0616 110
0617 163
0618 79
0619 166
0620 78
0621 323
0622 168
0623 193
0624 212
0625 156
0626 211
0627 154
0628 311
0629 141
0630 82
0631 137
0632 252
0633 84
0634 156
0635 164
0636 135
0637 168
0638 88
0639 32
0640 69
0641 80
0642 69
0643 48
0644 80
0645 60
0646 67
0647 70
0648 21
0649 21
0650 11
0651 35
0652 8
0653 23
0654 33
0655 14
0656 28
0657 8
0658 11
0659 5
0660 23
0661 7
0662 44
0663 75
0664 23
0665 13
0666 7
0667 9
0668 56
0669 45
0670 7
0671 108
0672 10
0673 29
0674 67
0675 21
0676 41
0677 33
0678 16
0679 44
0681 3
0682 25
0683 78
0684 84
0685 80
0686 14
0687 21
0688 21
0689 63
0690 20
0691 83
0692 62
0693 21
0694 16
0695 47
0696 50
0697 13
0698 22
0699 52
0700 91
0701 3
0703 11
0704 74
0705 18
0706 10
0707 42
0708 10
0709 77
0711 10
0727 1
0751 8
0755 2
0756 8
0761 1
0765 16
0766 2
0772 48
0782 13
0792 2
0793 3
0794 6
0795 2
0796 2
0797 8
0798 7
0799 3
0800 14
0801 2
0802 6
0803 3
0804 11
0805 97
0806 155
0807 81
0808 158
0809 58
0811 44
0812 24
0813 24
0814 17
0815 11
0816 1
0817 3
0818 4
0819 8
0820 6
0821 41
0822 9
0823 42
0824 8
0825 12
0826 37
0827 1
0828 4
0830 14
0831 61
0832 124
0833 48
0834 17
0835 10
0836 14
0837 22
0838 2
0839 35
0840 1
0841 18
0842 25
0843 29
0844 98
0845 9
0846 1
0850 23
0851 52
0852 7
0853 23
0861 34
0862 8
0863 1
0865 1
0888 4
0911 51
0912 3
0915 3
0921 2
0935 2
0937 23
0950 3
