0491 391
0601 353
0621 323
0628 311
0612 291
0632 252
0609 219
0624 212
0626 211
0623 193
0317 173
0637 168
0604 168
0622 168
0619 166
0635 164
0617 163
0808 158
0610 156
0625 156
0634 156
0806 155
0627 154
0602 143
0629 141
0631 137
0603 136
0636 135
0614 129
0605 128
0832 124
0613 121
0606 115
0607 112
0616 110
0671 108
0844 98
0805 97
0615 94
0700 91
0638 88
0684 84
0633 84
0691 83
0630 82
0807 81
0641 80
0685 80
0644 80
0618 79
0683 78
0608 78
0620 78
0709 77
0663 75
0704 74
0647 70
0640 69
0642 69
0646 67
0674 67
0689 63
0692 62
0831 61
0645 60
0809 58
0668 56
0699 52
0851 52
0911 51
0696 50
0772 48
0833 48
0643 48
0695 47
0669 45
0679 44
0662 44
0811 44
0707 42
0823 42
0821 41
0676 41
0826 37
0651 35
0839 35
0861 34
0677 33
0654 33
0639 32
0843 29
0673 29
0656 28
0325 26
0492 25
0842 25
0682 25
0812 24
0813 24
0664 23
0937 23
0653 23
0850 23
0660 23
0853 23
0837 22
0698 22
0648 21
0649 21
0687 21
0688 21
0675 21
0693 21
0690 20
0841 18
0705 18
0834 17
0814 17
0678 16
0765 16
0694 16
0800 14
0830 14
0836 14
0655 14
0686 14
0665 13
0782 13
0697 13
0825 12
0804 11
0703 11
0658 11
0650 11
0815 11
0711 10
0708 10
0672 10
0706 10
0835 10
0845 9
0667 9
0822 9
0327 9
0819 8
0824 8
0751 8
0756 8
0657 8
0797 8
0862 8
0652 8
0666 7
0670 7
0852 7
0661 7
0798 7
0794 6
0802 6
0489 6
0820 6
0659 5
0888 4
0818 4
0828 4
0419 4
0915 3
0912 3
0950 3
0817 3
0803 3
0681 3
0799 3
0701 3
0793 3
0935 2
0921 2
0498 2
0755 2
0766 2
0301 2
0792 2
0795 2
0796 2
0801 2
0838 2
0827 1
0727 1
0840 1
0863 1
0865 1
0529 1
0515 1
0326 1
0816 1
0846 1
0761 1
